rot:
  max: 9.872536885045289
  mean: 3.85513997784502
  median: 3.1239809590667784
  min: 0.2172938402357747
  num_samples: 1760
  rmse: 4.479253797260089
  std: 2.2807039114032355
scale:
  max: 46.86882690720218
  mean: 6.661540677877962
  median: 1.3496013042263166
  min: 0.0007642883014802315
  num_samples: 1760
  rmse: 12.514815064719516
  std: 10.594549159879708
trans:
  max: 0.7805668863950552
  mean: 0.20537893225748777
  median: 0.07108851178502765
  min: 0.002686741976771286
  num_samples: 1760
  rmse: 0.31964900019798015
  std: 0.24493872195376248
