rot:
  max: 13.270611036634286
  mean: 7.629530526334082
  median: 7.283461464785436
  min: 1.91624816807413
  num_samples: 1760
  rmse: 7.845390373019378
  std: 1.827679964545639
scale:
  max: 43.85402278323518
  mean: 6.283822451158586
  median: 2.025855471213478
  min: 0.0004916704355428791
  num_samples: 1760
  rmse: 11.123278952441074
  std: 9.178284701191934
trans:
  max: 0.7613064651031716
  mean: 0.21051169600800418
  median: 0.09646611343545079
  min: 0.003524204504833407
  num_samples: 1760
  rmse: 0.30945042327620825
  std: 0.22681355847845192
