rot:
  max: 9.844633005973012
  mean: 4.2819571393372815
  median: 3.6776333946119193
  min: 0.3910968276454629
  num_samples: 1724
  rmse: 4.68319735755758
  std: 1.896623459391121
scale:
  max: 45.59517762657692
  mean: 6.466028972147341
  median: 1.1890754875432397
  min: 0.0002085326819889488
  num_samples: 1724
  rmse: 12.072938253153037
  std: 10.19540619081933
trans:
  max: 0.8210278804696992
  mean: 0.21656700505893844
  median: 0.0892136965498458
  min: 0.00222914064947127
  num_samples: 1724
  rmse: 0.32809335914764604
  std: 0.24646294779659686
