rot:
  max: 6.711410883009361
  mean: 3.612751886397215
  median: 3.7089670789690485
  min: 0.7117835468732494
  num_samples: 1765
  rmse: 3.673493208566234
  std: 0.6652639782188728
scale:
  max: 15.746545159098414
  mean: 5.755617898107417
  median: 5.525126396339042
  min: 0.004258095999254419
  num_samples: 1765
  rmse: 6.764856204351549
  std: 3.554735162644211
trans:
  max: 0.3443741830536906
  mean: 0.15117275304333064
  median: 0.173561447630631
  min: 0.0021365645794877985
  num_samples: 1765
  rmse: 0.17768513951385714
  std: 0.09337455510661921
