rot:
  max: 5.687642221652091
  mean: 3.5701174747890168
  median: 3.7462631519611644
  min: 0.5219915746591257
  num_samples: 884
  rmse: 3.68463983461812
  std: 0.9114998228528285
scale:
  max: 16.8297217810925
  mean: 5.8977634273525075
  median: 5.434576841347827
  min: 0.005819769608128578
  num_samples: 884
  rmse: 7.0101206568246335
  std: 3.789218676484987
trans:
  max: 0.2608454276743597
  mean: 0.12119730637930431
  median: 0.11410240204733943
  min: 0.006268885925353109
  num_samples: 884
  rmse: 0.13471700635657016
  std: 0.05882078483051058
