rot:
  max: 6.452320161635757
  mean: 2.9063642529181934
  median: 2.8329207127653087
  min: 1.2128288721903984
  num_samples: 871
  rmse: 2.9976854832051973
  std: 0.7342786157709095
scale:
  max: 3.6926752163362053
  mean: 1.5343227199115044
  median: 1.6455255363945653
  min: 0.006201322259258291
  num_samples: 871
  rmse: 1.7717938588088216
  std: 0.8860627908201647
trans:
  max: 0.15985134881151308
  mean: 0.071932247102488
  median: 0.0686153427573021
  min: 0.006877682754068276
  num_samples: 871
  rmse: 0.07879063153475396
  std: 0.03215144544856377
