rot:
  max: 11.22794683223465
  mean: 5.472288025318472
  median: 5.566128747788929
  min: 1.9334171102186912
  num_samples: 1741
  rmse: 5.545475360342892
  std: 0.8979759128875316
scale:
  max: 4.604772169374094
  mean: 2.1309094036787513
  median: 2.200573661861771
  min: 0.004243501049672194
  num_samples: 1741
  rmse: 2.336319060299869
  std: 0.9579205942216326
trans:
  max: 0.2173728700521124
  mean: 0.11361510386907302
  median: 0.1233254199171595
  min: 0.006247188800291786
  num_samples: 1741
  rmse: 0.12051362983054922
  std: 0.040188843573240936
