rot:
  max: 14.898496643848905
  mean: 11.518835512271925
  median: 11.49876146583765
  min: 5.194449837324346
  num_samples: 970
  rmse: 11.622759944272126
  std: 1.5507988790941647
scale:
  max: 282.735144893286
  mean: 27.430217511420405
  median: 11.588498320899754
  min: 0.006738643885029205
  num_samples: 970
  rmse: 48.093006288244155
  std: 39.50342290380995
trans:
  max: 1.3873330576001048
  mean: 0.7082830741402967
  median: 0.6619713283526774
  min: 0.007690285997579922
  num_samples: 970
  rmse: 0.8184818686639557
  std: 0.4101800290336088
