rot:
  max: 122.7042476355086
  mean: 111.45410882489017
  median: 110.29421446659161
  min: 103.52732728420368
  num_samples: 133
  rmse: 111.54454137042468
  std: 4.490694332496734
scale:
  max: 393.50126581473256
  mean: 156.40009627642596
  median: 118.88668949518033
  min: 9.876301014332533
  num_samples: 133
  rmse: 187.96565722134235
  std: 104.25976299309269
trans:
  max: 2.243414667781909
  mean: 1.0171551567870636
  median: 0.8969413995819511
  min: 0.06817005034199786
  num_samples: 133
  rmse: 1.1873336736072393
  std: 0.6125003179616697
