rot:
  max: 21.578299371913054
  mean: 17.842505342390133
  median: 17.36445832406025
  min: 13.045119746436056
  num_samples: 1772
  rmse: 17.9052125644315
  std: 1.4972107681468532
scale:
  max: 5.154399920362707
  mean: 1.8037654626219186
  median: 1.6911585570696552
  min: 6.798906235783164e-05
  num_samples: 1772
  rmse: 2.3418044665670337
  std: 1.4934785955900547
trans:
  max: 0.5038093063268606
  mean: 0.25741285591017027
  median: 0.2924280807325134
  min: 0.0015214915646215058
  num_samples: 1772
  rmse: 0.2978537339358203
  std: 0.14985148791947464
