rot:
  max: 80.69152456886093
  mean: 45.85892618492224
  median: 46.83213730332046
  min: 5.091968398443363
  num_samples: 1713
  rmse: 50.576952596296806
  std: 21.330424822162016
scale:
  max: 12.880205521351296
  mean: 2.51201271045102
  median: 1.4593378027904835
  min: 2.0184031801484537e-05
  num_samples: 1713
  rmse: 3.55226478663245
  std: 2.511648314729077
trans:
  max: 1.1713940442623094
  mean: 0.7053173823660763
  median: 0.7889920482012825
  min: 0.003993938788677992
  num_samples: 1713
  rmse: 0.7661759176460841
  std: 0.2992539505388113
