rot:
  max: 15.505583348921824
  mean: 8.898720114590695
  median: 8.205589219774318
  min: 3.622628053615221
  num_samples: 1772
  rmse: 9.341787014027739
  std: 2.84284451520589
scale:
  max: 6.585421748279319
  mean: 1.7996185851399444
  median: 0.7883010759905607
  min: 2.1081037471226693e-05
  num_samples: 1772
  rmse: 2.6109960319431993
  std: 1.8917381496502215
trans:
  max: 0.4731860742325859
  mean: 0.25424053977617256
  median: 0.2691902871205884
  min: 0.001880479677316449
  num_samples: 1772
  rmse: 0.29664978796295405
  std: 0.1528490910433752
