rot:
  max: 137.16816095705562
  mean: 127.58881013519564
  median: 127.99759123295468
  min: 113.04179832509631
  num_samples: 693
  rmse: 127.68927944196427
  std: 5.064347212919128
scale:
  max: 70.10008836932191
  mean: 9.533983926024657
  median: 6.001445714613762
  min: 0.018076845261005836
  num_samples: 693
  rmse: 14.742573981281586
  std: 11.24484940280946
trans:
  max: 0.4793648604849956
  mean: 0.19790508237352744
  median: 0.16145912492954528
  min: 0.0036446771449159085
  num_samples: 693
  rmse: 0.2381246423391542
  std: 0.13242705033291888
