rot:
  max: 7.170857596105089
  mean: 3.603548226767951
  median: 3.3402662356055055
  min: 1.4182777153495072
  num_samples: 1765
  rmse: 3.7280316897010213
  std: 0.955332641948657
scale:
  max: 8.870872763985238
  mean: 3.657538795623581
  median: 3.566622257583074
  min: 0.0009979115299652008
  num_samples: 1765
  rmse: 4.525553794460809
  std: 2.66515423663754
trans:
  max: 0.41908520950206374
  mean: 0.1816176568833037
  median: 0.1761645417847859
  min: 0.001614582488328785
  num_samples: 1765
  rmse: 0.20639676796732348
  std: 0.09805433460880603
