rot:
  max: 31.054665642265782
  mean: 28.701617715933768
  median: 28.774315555211665
  min: 23.057020897459907
  num_samples: 1765
  rmse: 28.721220863732935
  std: 1.0609752078743107
scale:
  max: 18.987038225064403
  mean: 4.596464066990995
  median: 3.896730110737945
  min: 0.00044914711282428854
  num_samples: 1765
  rmse: 6.002379605494485
  std: 3.8601915767636164
trans:
  max: 0.5147246706845081
  mean: 0.1925415947178514
  median: 0.17074986061161804
  min: 0.001960144501419226
  num_samples: 1765
  rmse: 0.22620268494827753
  std: 0.11872400339154819
