rot:
  max: 27.74063342543513
  mean: 23.753529867660916
  median: 23.729488244709
  min: 20.918088569135755
  num_samples: 1767
  rmse: 23.77053538620841
  std: 0.8989835221667929
scale:
  max: 14.766981782883748
  mean: 7.970145759110373
  median: 8.883387867499914
  min: 0.0027959674717359384
  num_samples: 1767
  rmse: 8.868087535618331
  std: 3.88841267330565
trans:
  max: 0.36385969209264757
  mean: 0.193258667769219
  median: 0.2060786667020207
  min: 0.003860777034171738
  num_samples: 1767
  rmse: 0.2109203305927741
  std: 0.08448948567385042
