rot:
  max: 133.65877846528176
  mean: 131.7886391269613
  median: 131.55477794618315
  min: 130.60639727388363
  num_samples: 174
  rmse: 131.7906652340254
  std: 0.7307803298585104
scale:
  max: 9.839287259159102
  mean: 3.542249994737779
  median: 3.4038730421868557
  min: 0.002665107873389694
  num_samples: 174
  rmse: 4.197833215791207
  std: 2.2526137446042895
trans:
  max: 0.2733848734425411
  mean: 0.08726267640058152
  median: 0.07613605459332201
  min: 0.03395925925886426
  num_samples: 174
  rmse: 0.0978792107889837
  std: 0.04433469535343281
