rot:
  max: 165.71659695740678
  mean: 146.84732721891586
  median: 147.06623582961146
  min: 134.64199294149805
  num_samples: 672
  rmse: 147.00131268629926
  std: 6.72669459361661
scale:
  max: 7.737464882077139
  mean: 3.0567253416074553
  median: 2.93080220686992
  min: 0.006079092695321364
  num_samples: 672
  rmse: 3.6656160276460277
  std: 2.023158680902275
trans:
  max: 0.17554654992722973
  mean: 0.0745535697187912
  median: 0.07328546872965637
  min: 0.002938825234184739
  num_samples: 672
  rmse: 0.08474923585632715
  std: 0.04030134266270426
