rot:
  max: 29.180759769445135
  mean: 18.046565207947296
  median: 19.884365058142357
  min: 1.2750317400453617
  num_samples: 858
  rmse: 19.59512932425675
  std: 7.634826614249536
scale:
  max: 26.219859536519586
  mean: 10.488884647364168
  median: 7.8945529379331525
  min: 0.03021693616116483
  num_samples: 858
  rmse: 13.476925586644693
  std: 8.462317774832531
trans:
  max: 1.7805564339542663
  mean: 0.7420950933875802
  median: 0.4801943113564502
  min: 0.0040184105246225295
  num_samples: 858
  rmse: 0.9522651967842489
  std: 0.596744398697318
