rot:
  max: 11.718567790162504
  mean: 6.87049000655838
  median: 6.840369023547765
  min: 1.1405202963974175
  num_samples: 1706
  rmse: 7.0476976091201955
  std: 1.570480391275209
scale:
  max: 11.921486498885736
  mean: 4.3604230865795675
  median: 3.6975421598932465
  min: 0.0010901788941364288
  num_samples: 1706
  rmse: 6.063144817301391
  std: 4.212889220189945
trans:
  max: 0.6180669455758727
  mean: 0.2628188136498146
  median: 0.19239884943109697
  min: 0.003057040866305309
  num_samples: 1706
  rmse: 0.33110585863412356
  std: 0.2013885816364578
