rot:
  max: 8.758362850737173
  mean: 5.050015396809202
  median: 4.889281265003076
  min: 0.8618286675293398
  num_samples: 1706
  rmse: 5.180343262289448
  std: 1.154686454037509
scale:
  max: 12.105032852577368
  mean: 4.465656586632554
  median: 3.8008336778443175
  min: 0.00015966570416914294
  num_samples: 1706
  rmse: 6.173607120614173
  std: 4.262785020378497
trans:
  max: 0.6176125824200188
  mean: 0.2620818376236252
  median: 0.19650930390011415
  min: 0.002429355104507241
  num_samples: 1706
  rmse: 0.33240905606278365
  std: 0.20447222535194
