rot:
  max: 11.032582895500141
  mean: 4.376701531626223
  median: 3.6386918592345836
  min: 0.1372301628750652
  num_samples: 1742
  rmse: 5.272648183586483
  std: 2.9402895386234533
scale:
  max: 6.358475399737673
  mean: 3.3739331565879773
  median: 4.0481485070235745
  min: 0.0012550014714562963
  num_samples: 1742
  rmse: 3.8032318044994042
  std: 1.7553196898662287
trans:
  max: 0.29430472163151117
  mean: 0.16363662294564882
  median: 0.1968484178660313
  min: 0.00055378561064277
  num_samples: 1742
  rmse: 0.18185649901196602
  std: 0.07934003947461066
