rot:
  max: 9.715556589114696
  mean: 3.867715356150846
  median: 3.85329668220702
  min: 0.17324383449882141
  num_samples: 1742
  rmse: 3.952421061869191
  std: 0.813885848324016
scale:
  max: 3.2408850748125717
  mean: 1.3899424904703548
  median: 1.437293790331562
  min: 4.469268262141668e-05
  num_samples: 1742
  rmse: 1.6286804558188492
  std: 0.8489168983777873
trans:
  max: 0.2650875796332426
  mean: 0.1662857199919399
  median: 0.20850684513622053
  min: 0.008637948086685691
  num_samples: 1742
  rmse: 0.1834173011718569
  std: 0.07740132877367029
