rot:
  max: 12.430248012143377
  mean: 6.310682788909781
  median: 6.576372425065027
  min: 0.7012471439561406
  num_samples: 873
  rmse: 6.903747737204451
  std: 2.799467012971113
scale:
  max: 4.127121383273725
  mean: 1.3179346440288708
  median: 1.184516030879934
  min: 0.0006477397475279645
  num_samples: 873
  rmse: 1.6614078585398049
  std: 1.0115949517896539
trans:
  max: 0.2763540573662376
  mean: 0.1244138987664156
  median: 0.1431610806900717
  min: 0.004732837274271972
  num_samples: 873
  rmse: 0.14858340062243633
  std: 0.08122935881974885
