rot:
  max: 10.504568235278466
  mean: 4.11515403097526
  median: 3.117442269492854
  min: 0.30827817274700153
  num_samples: 1742
  rmse: 4.930612712154504
  std: 2.715961895647226
scale:
  max: 6.3846305694656
  mean: 3.4275719433767162
  median: 4.144109279811492
  min: 0.0037339225215315963
  num_samples: 1742
  rmse: 3.858431936681068
  std: 1.7717921952015587
trans:
  max: 0.2924528599199407
  mean: 0.1652944590192858
  median: 0.19811993159942123
  min: 0.0018143382958912405
  num_samples: 1742
  rmse: 0.18283740240142077
  std: 0.07814894455090712
