rot:
  max: 13.35264644155259
  mean: 6.85527508484644
  median: 6.595261364324274
  min: 2.9296152334837817
  num_samples: 1769
  rmse: 7.1646065757569515
  std: 2.082496313673426
scale:
  max: 4.180760733426614
  mean: 0.8614183819402165
  median: 0.4936056929807142
  min: 6.378208949886499e-05
  num_samples: 1769
  rmse: 1.211601087301504
  std: 0.852018524449842
trans:
  max: 0.4388266435099323
  mean: 0.1303642771016837
  median: 0.11080481876456955
  min: 0.003260239231363131
  num_samples: 1769
  rmse: 0.17184304840803374
  std: 0.1119606562231628
