rot:
  max: 15.630452479421912
  mean: 12.62808153576853
  median: 12.554337615062114
  min: 9.816520026866234
  num_samples: 1776
  rmse: 12.649237838460907
  std: 0.7312828590451479
scale:
  max: 2.5816431884696067
  mean: 0.7502567339411661
  median: 0.5941016680524935
  min: 0.00024636587308002333
  num_samples: 1776
  rmse: 0.9618629111372622
  std: 0.6019095388821987
trans:
  max: 0.23091746422929585
  mean: 0.09605809857152936
  median: 0.0892609600502734
  min: 0.00045973949444631513
  num_samples: 1776
  rmse: 0.11073768363075184
  std: 0.05509697155676364
