rot:
  max: 5.230509138357453
  mean: 2.0566512974027384
  median: 2.1147384310252435
  min: 0.07339349155455328
  num_samples: 1781
  rmse: 2.2574316369707286
  std: 0.9306895489302441
scale:
  max: 3.815685080285214
  mean: 0.7675325161510159
  median: 0.41238979276043697
  min: 0.0015093845529778882
  num_samples: 1781
  rmse: 1.1494529492055758
  std: 0.8556494136550817
trans:
  max: 0.19533435457682194
  mean: 0.0650947641022007
  median: 0.05737005672383849
  min: 0.0011218978404211875
  num_samples: 1781
  rmse: 0.08162911575853392
  std: 0.04925428129613675
