rot:
  max: 12.519019021591246
  mean: 7.63393986999352
  median: 7.5731978992096725
  min: 3.245733105025783
  num_samples: 1702
  rmse: 7.713075927177423
  std: 1.1020446087737146
scale:
  max: 7.290460774024576
  mean: 1.527951952892933
  median: 1.0500744158055908
  min: 0.001004773140433901
  num_samples: 1702
  rmse: 2.0789291903858422
  std: 1.4097196204525941
trans:
  max: 0.47951586348419795
  mean: 0.12612252773257165
  median: 0.10806637900687516
  min: 0.0007018503002109197
  num_samples: 1702
  rmse: 0.16454164739158889
  std: 0.10567431913518374
