rot:
  max: 13.352735205891111
  mean: 6.855614341911122
  median: 6.595626902394285
  min: 2.9276479312374604
  num_samples: 1769
  rmse: 7.16494737849252
  std: 2.082552023731771
scale:
  max: 4.181672629869315
  mean: 0.8615660894609072
  median: 0.494188953303043
  min: 0.000939969040125721
  num_samples: 1769
  rmse: 1.211786735936453
  std: 0.8521331861173826
trans:
  max: 0.43881747061189375
  mean: 0.1303691172400226
  median: 0.1108188760001048
  min: 0.00326228203739091
  num_samples: 1769
  rmse: 0.17184325179680485
  std: 0.11195533242395081
