rot:
  max: 8.83856403678282
  mean: 4.492813840738234
  median: 4.44454225990317
  min: 1.7133573990050075
  num_samples: 1771
  rmse: 4.574026281781709
  std: 0.8581026855224188
scale:
  max: 4.418343340361974
  mean: 1.0811542243639916
  median: 0.48880070331228653
  min: 0.00046097381051213304
  num_samples: 1771
  rmse: 1.6856638078830855
  std: 1.2932780120093275
trans:
  max: 0.25002430310291374
  mean: 0.07201520544405991
  median: 0.04507344799481258
  min: 0.0014381531684352364
  num_samples: 1771
  rmse: 0.09607201482600687
  std: 0.06358963923138997
