rot:
  max: 6.362803612518258
  mean: 3.8743422617514076
  median: 4.346021361070738
  min: 0.39094545045838247
  num_samples: 813
  rmse: 4.090493561627178
  std: 1.3121012219033932
scale:
  max: 2.4654242028732343
  mean: 0.6199062238869768
  median: 0.504604077675952
  min: 0.003641500237061557
  num_samples: 813
  rmse: 0.7945118460142047
  std: 0.49695608160388693
trans:
  max: 0.2498415197878657
  mean: 0.12968150721207694
  median: 0.1470890813178183
  min: 0.0009974571262601566
  num_samples: 813
  rmse: 0.14490176456014467
  std: 0.06464694934679933
