rot:
  max: 10.582489539930307
  mean: 5.199401630615173
  median: 4.886535938690359
  min: 3.246089642343826
  num_samples: 1771
  rmse: 5.3203167889488725
  std: 1.127826856537626
scale:
  max: 4.795256334408204
  mean: 1.234821822927637
  median: 0.5894843863422317
  min: 0.0005228004640756012
  num_samples: 1771
  rmse: 1.871038741489041
  std: 1.4057030403945785
trans:
  max: 0.243765082831371
  mean: 0.07057467611291382
  median: 0.04184775103662579
  min: 0.0005919646090423738
  num_samples: 1771
  rmse: 0.09589497826476012
  std: 0.06492350843843953
